0,405
0,404
0,403
0,402
0,401
0,400
0,399
0,398
0,397
45,4
45,3
45,2
0,396
45,1
45,0
0,395
0,394
44,6
44,5
44,4
44,3
44,2
0,393
44,1
44,0
0,392
0,391
43,3
43,2
0,390
43,1
43,0
0,389
0,388
0,387
42,3
42,2
42,1
42,0
41,3
41,2
0,386
0,385
41,1
41,0
40,3
40,2
40,1
40,0
39,8
39,7
0,384
39,6
0,319
39,5
39,4
39,3
39,2
39,1
39,0
38,3
38,2
38,1
38,0
37,4
37,3
37,2
37,1
37,0
36,4
36,3
36,2
36,1
36,0
35,4
35,3
35,2
35,1
35,0
34,3
34,2
34,1
34,0
0,318
33,4
33,3
33,2
33,1
33,0
32,3
32,2
32,1
32,0
31,3
31,2
31,1
31,0
30,3
30,2
30,1
30,0
29,4
